def restart(self,level):
        if level == 0: #level0
            self.tiles = [[0,0,0,0,0,0,0,0,0,0,0,0,0,0,0,0,0,0,0,0,0,0,0],
                          [0,1,1,0,0,0,0,1,1,1,1,1,1,1,1,1,1,1,1,1,1,1,0],
                          [0,1,1,0,0,1,1,1,1,1,1,1,1,1,1,1,1,1,1,1,1,1,0],
                          [0,1,1,0,0,1,1,1,0,0,0,0,0,1,1,1,1,1,1,1,1,1,0],
                          [0,1,1,1,1,1,1,0,0,1,1,1,1,1,1,1,1,1,1,1,1,1,0],
                          [0,0,0,0,0,0,0,0,0,1,1,1,1,1,1,1,1,1,1,1,1,1,0],
                          [0,0,0,0,0,0,0,0,0,1,1,1,1,1,1,1,1,1,1,1,1,1,0],
                          [0,0,0,0,0,0,0,0,0,1,1,0,0,0,1,1,1,1,1,1,1,1,0],
                          [0,1,1,1,1,1,1,1,1,1,1,0,0,0,1,1,1,1,1,1,1,1,0],
                          [0,1,1,1,1,1,1,1,1,1,1,1,1,1,1,1,1,1,1,1,1,1,0],
                          [0,1,1,1,1,1,1,1,1,1,1,1,1,1,1,1,1,1,1,1,1,1,0],
                          [0,1,1,1,1,1,1,1,1,1,1,1,1,1,1,1,1,1,1,1,1,1,0],
                          [0,1,1,1,1,1,1,1,1,1,1,1,1,1,1,1,1,1,1,1,1,1,0],
                          [0,1,1,1,1,1,1,1,1,1,1,1,1,1,1,1,1,1,1,1,1,1,0],
                          [0,1,1,1,1,1,1,1,1,1,1,1,1,1,1,1,1,1,1,1,1,1,0],
                          [1,1,1,0,0,0,0,0,0,0,0,0,0,0,0,0,0,0,0,0,0,0,0]]
            self.player = Player(2,2)
            self.enemies = []
            self.enemies.append(Enemy([[13,2],[13,13]]))
            self.enemies.append(Enemy([[2,12],[20,12]]))
            self.enemies.append(Enemy([[3,8],[3,12]]))
            self.cameras = [Camera(pygame.Rect(0,0,32*6,32*6),0,0,.86), #1,1 SCREEN POSITIONS (1,1 is always top right).
                            Camera(pygame.Rect(32*5,0,32*7,32*7),32*6*.86,0,.86*.86),#2,1
                            Camera(pygame.Rect(32*11,0,32*6,32*6),32*12*.86,0,.86),#3,1
                            Camera(pygame.Rect(32*16,0,32*7,32*7),32*18*.86,0,.86*.86),#4,1
                            
                            Camera(pygame.Rect(0,32*5,32*6,32*6),0,32*6*.86,.86),#1,2
                            Camera(pygame.Rect(32*5,32*5,32*7,32*7),32*6*.86,32*6*.86,.86*.86),#2,2
                            Camera(pygame.Rect(32*11,32*5,32*7,32*7),32*12*.86,32*6*.86,.86*.86),#3,2
                            Camera(pygame.Rect(32*16,32*5,32*7,32*7),32*18*.86,32*6*.86,.86*.86),#4,2

                            Camera(pygame.Rect(0,32*11,32*6,32*6),0,32*12*.86,.86), #1,3
                            Camera(pygame.Rect(32*5,32*11,32*6,32*6),32*6*.86,32*12*.86,.86),#2,3
                            Camera(pygame.Rect(32*11,32*11,32*6,32*6),32*12*.86,32*12*.86,.86),#3,3
                            Camera(pygame.Rect(32*16,32*11,32*6,32*6),32*18*.86,32*12*.86,.86)#4,3
                            ]

            
        
        
        elif level == 1: #level1
            self.tiles = [[0,0,0,0,0,0,0,0,0,0,0,0,0,0,0,0,0,0,0,0,0,0,0,1,1],
                          [0,0,0,0,0,0,0,0,0,0,0,0,0,0,0,0,0,0,0,0,0,0,0,1,1],
                          [0,1,1,0,0,0,0,1,1,1,1,1,1,1,1,1,1,1,1,1,1,1,0,1,1],
                          [0,1,1,0,0,1,1,1,1,1,1,1,1,1,1,1,1,1,1,1,1,1,0,1,1],
                          [0,1,1,0,0,1,1,1,0,0,0,0,0,1,1,1,1,1,1,1,1,1,0,1,1],
                          [0,1,1,1,1,1,1,0,0,1,1,1,1,1,1,1,1,1,1,1,1,1,0,1,1],
                          [0,1,1,1,1,1,1,1,1,1,1,1,1,1,1,1,1,1,1,1,1,1,0,1,1],
                          [0,1,1,1,1,1,1,1,1,1,1,1,1,1,1,1,1,1,1,1,1,1,0,1,1],
                          [0,0,0,0,0,0,0,0,0,1,1,0,0,0,1,1,1,1,1,1,1,1,0,1,1],
                          [0,0,0,0,0,0,0,0,0,1,1,0,0,0,1,1,1,1,1,1,1,1,0,1,1],
                          [0,1,1,1,1,1,1,1,1,1,1,1,1,1,1,1,1,1,1,1,1,1,0,1,1],
                          [0,1,1,1,1,1,1,1,1,1,1,1,1,1,1,1,1,1,1,1,1,1,0,1,1],
                          [0,1,1,1,1,1,1,1,1,1,1,1,1,1,1,1,1,1,1,1,1,1,0,1,1],
                          [0,1,1,1,1,1,1,1,1,1,1,1,1,1,1,1,1,1,1,1,1,1,0,1,1],
                          [0,1,1,1,1,1,1,1,1,1,1,1,1,1,1,1,1,1,1,1,1,1,0,1,1],
                          [0,1,1,1,1,1,1,1,1,1,1,1,1,1,1,1,1,1,1,1,1,1,0,1,1],
                          [1,1,1,0,0,0,0,0,0,0,0,0,0,0,0,0,0,0,0,0,0,0,0,1,1]]
            self.player = Player(2,2)
            self.enemies = []
            self.enemies.append(Enemy([[13,2],[13,13]]))
            self.enemies.append(Enemy([[2,12],[20,12]]))
            self.cameras = [#Camera(pygame.Rect(0,0,32*23,32*16),0,32*6*.86,.15), #special Cam
                            Camera(pygame.Rect(0,0,32*6,32*6),0,0,.86),#1,1
                            Camera(pygame.Rect(32*5,0,32*7,32*7),32*6*.86,0,.86*.86),#2,1
                            Camera(pygame.Rect(32*11,0,32*6,32*6),32*18*.86,32*12*.86,.86),#4,3
                            Camera(pygame.Rect(32*16,0,32*7,32*7),32*18*.86,0,.86*.86),#4,1
                            
                            Camera(pygame.Rect(0,32*5,32*6,32*6),0,32*12*.86,.86),#1,3
                            Camera(pygame.Rect(32*5,32*5,32*7,32*7),32*6*.86,32*6*.86,.86*.86),#2,2
                            Camera(pygame.Rect(32*11,32*5,32*7,32*7),32*12*.86,32*6*.86,.86*.86),#3,2
                            Camera(pygame.Rect(32*16,32*5,32*7,32*7),32*12*.86,32*12*.86,.86*.86),#3,3

                            Camera(pygame.Rect(0,32*11,32*6,32*6),0,32*6*.86,.86),#1,2
                            Camera(pygame.Rect(32*5,32*11,32*7,32*7),32*6*.86,32*12*.86,.86*.86),#2,3
                            Camera(pygame.Rect(32*11,32*11,32*7,32*7),32*12*.86,32*6*.86,.86*.86),#4,2
                            Camera(pygame.Rect(32*16,32*11,32*7,32*7),32*12*.86,0,.86*.86)#3,1
                            ]
        elif level == 2:
            self.tiles = [[0,0,0,0,0,0,0,0,0,0,0,0,0,0,0,0,0,0,0,0,0,0,0,0,0],
                          [0,0,0,0,0,0,0,0,0,0,0,0,0,0,0,0,0,0,0,0,0,0,0,0,0],
                          [0,0,1,1,1,1,1,1,1,1,1,1,1,1,1,1,1,1,1,1,1,1,1,1,0],
                          [0,0,1,1,1,1,1,1,1,1,1,1,1,1,1,1,1,1,1,1,1,1,1,1,0],
                          [0,0,1,1,0,0,0,0,0,0,0,1,1,0,0,0,0,0,0,1,1,0,0,0,1],
                          [0,0,1,1,0,0,0,0,0,0,0,1,1,0,0,0,0,0,0,1,1,0,0,0,1],
                          [0,1,1,1,1,1,1,1,1,1,1,1,1,1,1,1,1,1,1,1,1,0,0,0,0],
                          [0,1,1,0,0,0,0,0,0,0,0,0,0,0,1,1,0,0,0,0,0,0,0,0,0],
                          [0,1,1,0,0,0,0,0,0,0,0,0,0,0,1,1,0,0,0,0,0,0,0,0,0],
                          [0,1,1,0,0,0,0,0,0,0,0,0,0,0,1,1,0,0,0,0,0,0,0,0,0],
                          [0,1,1,0,0,0,0,0,0,0,0,0,0,0,1,1,0,0,0,0,0,0,0,0,0],
                          [0,1,1,0,0,0,0,0,0,0,0,0,0,0,1,1,0,0,0,0,0,0,0,0,0],
                          [0,1,1,0,0,0,0,0,0,0,0,0,0,0,1,1,0,0,0,0,0,0,0,0,0],
                          [0,1,1,1,0,1,1,1,1,1,1,1,1,1,1,1,1,1,1,1,1,1,1,1,0],
                          [0,1,1,1,0,1,1,1,1,1,1,1,1,1,1,1,1,1,1,1,1,1,1,1,0],
                          [0,1,1,1,0,0,0,0,0,0,0,0,0,0,0,0,0,0,0,0,0,0,0,0,0],
                          [0,1,1,1,0,0,0,0,0,0,0,0,0,0,0,0,0,0,0,0,0,0,0,0,0]]
            self.player = Player(14,10)
            self.enemies = []
            self.enemies.append(Enemy([[18,2],[2,2]]))
            self.enemies.append(Enemy([[2,6],[9,6]]))
            self.enemies.append(Enemy([[9,6],[18,6]]))
            self.cameras = [Camera(pygame.Rect(0,0,32*6,32*6),0,0,.86), #1,1 SCREEN POSITIONS (1,1 is always top right).
                            Camera(pygame.Rect(32*6,0,32*6,32*6),32*6*.86,32*12*.86,.86),#2,1 32*6*.86,0,.86
                            Camera(pygame.Rect(32*12,0,32*6,32*6),32*12*.86,0,.86),#3,1 32*12*.86,0,.86
                            Camera(pygame.Rect(32*18,0,32*6,32*6),32*18*.86,32*12*.86,.86),#4,1 32*18*.86,0,.86
                            
                            Camera(pygame.Rect(0,32*11,32*6,32*6),0,32*12*.86,.86),#1,3 0,32*12*.86,.86
                            Camera(pygame.Rect(32*6,32*11,32*6,32*6),32*6*.86,0,.86),#2,3 32*6*.86,32*12*.86,.86
                            Camera(pygame.Rect(32*12,32*11,32*6,32*6),32*12*.86,32*12*.86,.86),#3,3 32*12*.86,32*12*.86,.86
                            Camera(pygame.Rect(32*18,32*11,32*6,32*6),32*18*.86,0,.86),#4,3 32*18*.86,32*12*.86,.86

                            Camera(pygame.Rect(0,32*5,32*24,32*6),0,32*6*.86,.86), #longcam of mid row
                            ]
        elif level == 3: #level3
            self.tiles = [[0,0,0,0,0,0,0,0,0,0,0,0,0,0,0,0,0,0,0,0,0,0,0],
                          [1,1,0,0,0,0,0,0,0,0,0,0,0,0,0,0,0,0,0,0,0,0,0],
                          [1,1,1,0,0,1,1,1,1,1,1,1,1,1,1,1,1,1,1,1,0,0,0],
                          [0,1,1,0,0,1,1,1,0,0,0,0,0,1,1,1,1,1,1,1,0,0,0],
                          [0,0,1,0,0,0,0,0,0,0,0,0,0,0,0,0,0,1,1,0,0,0,0],
                          [0,0,1,0,0,0,0,0,0,0,0,0,0,0,0,0,0,1,1,0,0,0,0],
                          [0,0,1,0,0,0,0,0,0,0,0,0,0,0,0,0,0,1,1,0,0,0,0],
                          [0,0,1,1,1,1,1,1,1,1,1,1,1,1,1,1,1,1,1,0,0,0,0],
                          [0,0,0,0,0,0,0,1,1,1,0,0,0,0,0,0,0,1,1,0,0,0,0],
                          [0,0,0,0,0,0,0,1,1,1,0,0,0,0,0,0,0,1,1,0,0,0,0],
                          [0,0,0,0,0,0,0,1,1,1,0,0,0,0,0,0,0,1,1,0,0,0,0],
                          [0,0,0,0,0,0,0,1,1,1,0,0,0,0,0,0,0,1,1,0,0,0,0],
                          [0,0,0,0,0,0,0,1,1,1,0,0,0,0,0,0,0,1,1,0,0,0,0],
                          [0,0,1,1,1,1,1,1,1,1,1,1,1,1,1,1,1,1,1,0,0,0,0],
                          [0,0,0,0,0,0,0,0,0,0,0,0,0,0,0,0,0,0,0,0,0,0,0],
                          [0,0,0,0,0,0,0,0,0,0,0,0,0,0,0,0,0,0,0,0,0,0,0]]
            self.player = Player(12,2)
            self.enemies = []
            self.enemies.append(Enemy([[5,2],[19,2]]))
            self.enemies.append(Enemy([[19,6],[5,6]]))
            self.enemies.append(Enemy([[8,12],[8,7]]))
            self.enemies.append(Enemy([[3,12],[18,12]]))
            self.cameras = [Camera(pygame.Rect(0,0,32*6,32*6),0,0,.9), #1,1 SCREEN POSITIONS (1,1 is always top right).
                            Camera(pygame.Rect(32*5,0,32*12,32*17),32*6*.9,0,.9),#2&3,1&2&3
                            Camera(pygame.Rect(32*16,0,32*6,32*6),32*18*.9,0,.9),#4,1 32*18*.9,0,.9
                            
                            Camera(pygame.Rect(0,32*5,32*6,32*6),32*18*.9,32*12*.83,.9),#1,2 0,32*6*.75,.9
                            Camera(pygame.Rect(32*16,32*5,32*6,32*6),32*18*.9,32*6*.75,.9),#4,2 32*18*.9,32*6*.75,.9

                            Camera(pygame.Rect(0,32*11,32*6,32*6),0,32*12*.83,.9), #1,3 0,32*12*.83,.9
                            Camera(pygame.Rect(32*16,32*11,32*6,32*6),32*18*.9,0,.9)#4,3 32*18*.9,32*12*.83,.9
                            ]



        else:
            self.tiles = [[1,1,1,1,1,1,1,1,1,1,1,1,1,1,1,1,1,1,1,1,1,1],
                          [1,1,1,0,0,0,0,0,0,0,0,0,1,1,1,1,1,1,1,1,1,1],
                          [1,1,1,0,0,0,0,0,0,0,0,0,1,1,1,1,1,1,1,1,1,1],
                          [1,1,1,0,0,0,0,0,0,0,0,0,1,1,1,1,1,1,1,1,1,1],
                          [1,1,1,0,0,0,0,0,0,0,0,0,1,1,1,1,1,1,1,1,1,1],
                          [1,1,1,0,0,0,0,0,0,0,0,0,1,1,1,1,1,1,1,1,1,1],
                          [1,1,1,0,0,0,0,0,0,0,0,0,1,1,1,1,1,1,1,1,1,1],
                          [1,1,1,0,0,0,0,0,0,0,0,0,1,1,1,1,1,1,1,1,1,1],
                          [1,1,1,0,0,0,0,0,0,0,0,0,1,1,1,1,1,1,1,1,1,1],
                          [1,1,1,0,0,0,0,0,0,0,0,0,1,1,1,1,1,1,1,1,1,1],
                          [1,1,1,0,0,0,0,0,0,0,0,0,1,1,1,1,1,1,1,1,1,1],
                          [1,1,1,0,0,0,0,0,0,0,0,0,1,1,1,1,1,1,1,1,1,1]]
            self.player = Player(0,3)
            self.enemies = []
            self.enemies.append(Enemy([[2,0],[6,0]]))
            self.cameras = [Camera(pygame.Rect(0,0,32*5,32*5),210,0),Camera(pygame.Rect(32*5,0,32*5,32*5),0,0),Camera(pygame.Rect(0,32*5,32*5,32*5),0,210),Camera(pygame.Rect(32*5,32*5,32*5,32*5),210,210)]

